paper:1255,686;
XFSFIELD:248.000000,138.000000,552.000000,170.000000,0,field,0;
XFSFIELD:248.000000,178.000000,312.000000,210.000000,1,field,0;
XFSFIELD:248.000000,226.000000,344.000000,258.000000,2,field,0;
XFSFIELD:248.000000,274.000000,552.000000,306.000000,3,field,0;
XFSFIELD:248.000000,314.000000,352.000000,346.000000,4,field,0;
XFSFIELD:376.000000,314.000000,432.000000,346.000000,5,field,0;
XFSFIELD:448.000000,314.000000,504.000000,346.000000,6,field,0;
XFSFIELD:248.000000,362.000000,352.000000,394.000000,7,field,0;
XFSFIELD:376.000000,362.000000,432.000000,394.000000,8,field,0;
XFSFIELD:448.000000,362.000000,504.000000,394.000000,9,field,0;
XFSFIELD:248.000000,422.000000,320.000000,454.000000,10,field,0;
XFSFIELD:248.000000,464.000000,552.000000,496.000000,11,field,0;
XFSFIELD:248.000000,496.000000,552.000000,528.000000,12,field,0;
XFSFIELD:288.000000,584.000000,552.000000,616.000000,13,field,0;
XFSFIELD:672.000000,136.000000,1136.000000,168.000000,14,field,0;
XFSFIELD:672.000000,184.000000,1136.000000,216.000000,15,field,0;
XFSFIELD:672.000000,234.000000,1136.000000,266.000000,16,field,0;
XFSFIELD:672.000000,282.000000,920.000000,314.000000,17,field,0;
XFSFIELD:1016.000000,282.000000,1136.000000,314.000000,18,field,0;
XFSFIELD:672.000000,330.000000,1136.000000,362.000000,19,field,0;
XFSFIELD:672.000000,378.000000,1136.000000,410.000000,20,field,0;
XFSFIELD:696.000000,418.000000,816.000000,450.000000,21,field,0;
XFSFIELD:848.000000,418.000000,896.000000,450.000000,22,field,0;
XFSFIELD:928.000000,418.000000,976.000000,450.000000,23,field,0;
XFSFIELD:672.000000,458.000000,1128.000000,490.000000,24,field,0;
